[General]
ipc_version=4
file=color_correction_matrix
module=Color_Correction_Matrix_Top
target_device=gw5ast138b-002
type=color_correction_matrix
version=1.0

[Config]
DISABLE_IO_INSERTION=true
Input_Data_Width=8
K11=1.260878
K12=-0.231445
K13=0.102901
K21=-0.028948
K22=1.356893
K23=-0.539042
K31=0.064674
K32=0.053179
K33=1.607306
LANG=0
Maximum_Number_of_Columns=1920
Maximum_Number_of_Rows=1080
O1=-66.518367
O2=-69.268287
O3=-65.430404
Output_Data_Width=8
Synthesis_tool=GowinSynthesis
